PARSFILE
#FullDataName Steering System: Kinematics for 2 Wheels (Rack & Pinion)`B-Class, Hatchback Wheel Kinematics (CS 8.0)`CS B-Class
#RingCtrl0 LINEAR
#RingCtrl1 LINEAR

iside 2
#DiagramOne0
RACK_KIN_TABLE LINEAR
-69.33333333, -51.82070145
-66.66666667, -49.13280982
-64.19753086, -46.71546623
-61.9047619, -44.52862517
-59.77011494, -42.54013934
-57.77777778, -40.72377938
-55.91397849, -39.05786318
-54.16666667, -37.52427262
-52.52525253, -36.10772793
-50.98039216, -34.79523973
-49.52380952, -33.57568772
-48.14814815, -32.43949148
-46.84684685, -31.37835006
-45.61403509, -30.38503352
-44.44444444, -29.45321456
-43.33333333, -28.57733124
-42.27642276, -27.75247421
-41.26984127, -26.97429347
-40.31007752, -26.23892074
-39.39393939, -25.54290444
-38.51851852, -24.88315501
-37.68115942, -24.25689856
-36.87943262, -23.66163754
-36.11111111, -23.09511714
-35.37414966, -22.55529648
-34.66666667, -22.04032378
0, 0
34.66666667, 18.21018665
35.37414966, 18.56616835
36.11111111, 18.93688832
36.87943262, 19.3233243
37.68115942, 19.72654706
38.51851852, 20.1477323
39.39393939, 20.58817461
40.31007752, 21.04930377
41.26984127, 21.53270395
42.27642276, 22.04013656
43.33333333, 22.57356746
44.44444444, 23.13519964
45.61403509, 23.72751285
46.84684685, 24.35331195
48.14814815, 25.01578653
49.52380952, 25.718585
50.98039216, 26.46590798
52.52525253, 27.26262705
54.16666667, 28.1144382
55.91397849, 29.02806289
57.77777778, 30.01151616
59.77011494, 31.07447125
61.9047619, 32.22876652
64.19753086, 33.48912909
66.66666667, 34.87423951
69.33333333, 36.40835667
ENDTABLE

iside 1
#DiagramOne1
RACK_KIN_TABLE LINEAR
-69.33333333, -36.40835667
-66.66666667, -34.87423951
-64.19753086, -33.48912909
-61.9047619, -32.22876652
-59.77011494, -31.07447125
-57.77777778, -30.01151616
-55.91397849, -29.02806289
-54.16666667, -28.1144382
-52.52525253, -27.26262705
-50.98039216, -26.46590798
-49.52380952, -25.718585
-48.14814815, -25.01578653
-46.84684685, -24.35331195
-45.61403509, -23.72751285
-44.44444444, -23.13519964
-43.33333333, -22.57356746
-42.27642276, -22.04013656
-41.26984127, -21.53270395
-40.31007752, -21.04930377
-39.39393939, -20.58817461
-38.51851852, -20.1477323
-37.68115942, -19.72654706
-36.87943262, -19.3233243
-36.11111111, -18.93688832
-35.37414966, -18.56616835
-34.66666667, -18.21018665
0, 0
34.66666667, 22.04032378
35.37414966, 22.55529648
36.11111111, 23.09511714
36.87943262, 23.66163754
37.68115942, 24.25689856
38.51851852, 24.88315501
39.39393939, 25.54290444
40.31007752, 26.23892074
41.26984127, 26.97429347
42.27642276, 27.75247421
43.33333333, 28.57733124
44.44444444, 29.45321456
45.61403509, 30.38503352
46.84684685, 31.37835006
48.14814815, 32.43949148
49.52380952, 33.57568772
50.98039216, 34.79523973
52.52525253, 36.10772793
54.16666667, 37.52427262
55.91397849, 39.05786318
57.77777778, 40.72377938
59.77011494, 42.54013934
61.9047619, 44.52862517
64.19753086, 46.71546623
66.66666667, 49.13280982
69.33333333, 51.82070145
ENDTABLE
#RadioCtrl0 0    
#RadioCtrl1 0    

*SCALAR 0.45
*SCALAR2 0.45


LOG_ENTRY Used Dataset: Steering System: Kinematics for 2 Wheels (Rack & Pinion); { CS B-Class } B-Class, Hatchback Wheel Kinematics (CS 8.0)
#Library : Steering System: Kinematics for 2 Wheels (Rack & Pinion)
#DataSet : B-Class, Hatchback Wheel Kinematics (CS 8.0)
#Category: CS B-Class
#FileID  : RkKinAx101
#Product : CarSim Version 8.02, March 2010
#Last update: 02-28-2017 15:01:52
#VehCode Steering kinematics

END
